epoch,time(sec),loss,accuracy,val_loss,val_accuracy
1,220,2.2862,0.1479,2.2566,0.3017
2,221,2.2390,0.2492,2.2002,0.4860
3,222,2.1823,0.3393,2.1294,0.5666
4,219,2.1069,0.4097,2.0342,0.6179
5,212,2.0061,0.4726,1.9058,0.6711
6,219,1.8778,0.5240,1.7435,0.7151
7,212,1.7244,0.5657,1.5553,0.7477
8,209,1.5627,0.5996,1.3596,0.7736
9,218,1.4066,0.6279,1.1790,0.7916
10,209,1.2665,0.6545,0.9072,0.8178
11,215,1.1352,0.6734,0.8543,0.8190
12,221,1.0651,0.6927,0.8156,0.8273
Test loss: 0.8155952778816223
Test accuracy: 0.8273
